fileName imageWidth imageHeight 
camera matrix K [3x3]
radial distortion [3x1]
tangential distortion [2x1]
camera position t [3x1]
camera rotation R [3x3]
camera model m = K [R|-Rt] X

IMG_0893.JPG 4608 3456
3282.26678904905929812230 0 2313.51165863957112378557
0 3282.26678904905929812230 1746.87238790624519424455
0 0 1
-0.04747728369384900116 0.06251141279461518152 -0.04206249657571232980
0.00115662435535027739 0.00101373293554510497
266.91874385723485829658 270.93011787353498220909 79.18900936964031700427
-0.99454793649402883915 0.08514620947367235182 -0.06020402833477700444
0.08436904394478229874 0.99631649423700363588 0.01533974364615800501
0.06128838747521846153 0.01017675407740411403 -0.99806821772719300778
IMG_0894.JPG 4608 3456
3282.26678904905929812230 0 2313.51165863957112378557
0 3282.26678904905929812230 1746.87238790624519424455
0 0 1
-0.04747728369384900116 0.06251141279461518152 -0.04206249657571232980
0.00115662435535027739 0.00101373293554510497
261.90655562970243863674 214.44922107785311027328 77.95350825541882500147
-0.99686212125045114973 -0.04790238012124745787 0.06301803864585400761
-0.04963453765530889683 0.99842338527220464428 -0.02621366844481202302
-0.06166298636779244530 -0.02925928434378267592 -0.99766806623841342017
IMG_0895.JPG 4608 3456
3282.26678904905929812230 0 2313.51165863957112378557
0 3282.26678904905929812230 1746.87238790624519424455
0 0 1
-0.04747728369384900116 0.06251141279461518152 -0.04206249657571232980
0.00115662435535027739 0.00101373293554510497
260.87743521007104163800 159.18661355473827256901 78.92037480101321023085
-0.98695523736081081090 -0.12974944505217367308 0.09531233369673929035
-0.12806073167136419744 0.99148425822621610859 0.02365194904029899875
-0.09756950573750222677 0.01113764778860444095 -0.99516639028449738191
IMG_0896.JPG 4608 3456
3282.26678904905929812230 0 2313.51165863957112378557
0 3282.26678904905929812230 1746.87238790624519424455
0 0 1
-0.04747728369384900116 0.06251141279461518152 -0.04206249657571232980
0.00115662435535027739 0.00101373293554510497
262.29220442561819481853 103.84910943678289640957 78.78042522305268846594
-0.99101699050601133045 -0.13329570433986820399 0.01084341887721100572
-0.13339798747617648278 0.99101865461235483235 -0.00932754778192293466
-0.00950270833573666797 -0.01069024858722341688 -0.99989770332741001457
IMG_0897.JPG 4608 3456
3282.26678904905929812230 0 2313.51165863957112378557
0 3282.26678904905929812230 1746.87238790624519424455
0 0 1
-0.04747728369384900116 0.06251141279461518152 -0.04206249657571232980
0.00115662435535027739 0.00101373293554510497
258.43755566538044377012 50.22727458762148700089 78.42788454905486617008
-0.99530584355846118960 -0.07515270441486282538 0.06097826495983767192
-0.07462477363811657882 0.99715219241411234830 0.01089258110775761373
-0.06162321752261699925 0.00629096040851266809 -0.99807965758214856056
IMG_0898.JPG 4608 3456
3282.26678904905929812230 0 2313.51165863957112378557
0 3282.26678904905929812230 1746.87238790624519424455
0 0 1
-0.04747728369384900116 0.06251141279461518152 -0.04206249657571232980
0.00115662435535027739 0.00101373293554510497
258.73170700950566924803 -4.89841855810149162664 78.21649138453476268751
-0.99897670171174335341 0.02701315618986733016 -0.03627449282606571429
0.02692668937121764361 0.99963329045185633781 0.00287019509798731951
0.03633872365166964519 0.00189050603183065218 -0.99933774228251337490
IMG_0899.JPG 4608 3456
3282.26678904905929812230 0 2313.51165863957112378557
0 3282.26678904905929812230 1746.87238790624519424455
0 0 1
-0.04747728369384900116 0.06251141279461518152 -0.04206249657571232980
0.00115662435535027739 0.00101373293554510497
257.51711807608461413110 -59.68337188201937237864 78.12209477172592642091
-0.99627031046509884060 0.04416726964715759346 -0.07412638381636342533
0.04510964763767177227 0.99892052069342596177 -0.01108661479352300583
0.07355670041390280356 -0.01438908021696109346 -0.99718722725209885116
IMG_0900.JPG 4608 3456
3282.26678904905929812230 0 2313.51165863957112378557
0 3282.26678904905929812230 1746.87238790624519424455
0 0 1
-0.04747728369384900116 0.06251141279461518152 -0.04206249657571232980
0.00115662435535027739 0.00101373293554510497
258.98433941639160593695 -115.04215889754354407160 78.65806605460016953657
-0.99908021152402892717 -0.03630435457626132734 0.02281939481894199734
-0.03529234328455078951 0.99843908388925250996 0.04328794598817962275
-0.02435531659796452697 0.04244278031881543872 -0.99880199687036153033
IMG_0901.JPG 4608 3456
3282.26678904905929812230 0 2313.51165863957112378557
0 3282.26678904905929812230 1746.87238790624519424455
0 0 1
-0.04747728369384900116 0.06251141279461518152 -0.04206249657571232980
0.00115662435535027739 0.00101373293554510497
253.88180560883887437740 -170.36194970230127410105 78.80961717417106626726
-0.98949664339560150506 0.13950027522644986577 0.03789546042183098568
0.14098995433763075735 0.98920359003569557910 0.03997612082686891749
-0.03190964563749679184 0.04489911660864123744 -0.99848176940946342661
IMG_0902.JPG 4608 3456
3282.26678904905929812230 0 2313.51165863957112378557
0 3282.26678904905929812230 1746.87238790624519424455
0 0 1
-0.04747728369384900116 0.06251141279461518152 -0.04206249657571232980
0.00115662435535027739 0.00101373293554510497
253.97688110907765235424 -225.09360687867751948943 78.11858759668497498296
-0.99506283400584472076 -0.09793323197823233794 0.01609467161996028586
-0.09752127715893034454 0.99492813375854372016 0.02464972935008713506
-0.01842706926094641109 0.02295845661274263649 -0.99956658226874173234
IMG_0903.JPG 4608 3456
3282.26678904905929812230 0 2313.51165863957112378557
0 3282.26678904905929812230 1746.87238790624519424455
0 0 1
-0.04747728369384900116 0.06251141279461518152 -0.04206249657571232980
0.00115662435535027739 0.00101373293554510497
252.02960398679513787101 -279.74461897689286615787 78.08707063093397948705
-0.99689818123313889142 -0.04697479531121801638 0.06314574300401314122
-0.04742424138969088959 0.99885893233850686634 -0.00563689774524382074
-0.06280889732093722366 -0.00861405206898445061 -0.99798839698880315030
IMG_0904.JPG 4608 3456
3282.26678904905929812230 0 2313.51165863957112378557
0 3282.26678904905929812230 1746.87238790624519424455
0 0 1
-0.04747728369384900116 0.06251141279461518152 -0.04206249657571232980
0.00115662435535027739 0.00101373293554510497
251.95791984068574720368 -333.98170792052746946865 78.00496932052980980643
-0.99534222763706681203 -0.08201677910236039593 0.05066653558470447100
-0.08096013933107187865 0.99646176790336782325 0.02256991241427729056
-0.05233837714311491418 0.01836281711963986055 -0.99846056568372076878
IMG_0905.JPG 4608 3456
3282.26678904905929812230 0 2313.51165863957112378557
0 3282.26678904905929812230 1746.87238790624519424455
0 0 1
-0.04747728369384900116 0.06251141279461518152 -0.04206249657571232980
0.00115662435535027739 0.00101373293554510497
250.51710006416388409889 -388.08709465416637840462 77.67050619917178266860
-0.99861886912623698542 -0.04307590653222765492 0.03008023439839134852
-0.04252715320331764554 0.99892121333829408947 0.01865075824656821368
-0.03085118256172572279 0.01734577237188269366 -0.99937346808656368768
IMG_0906.JPG 4608 3456
3282.26678904905929812230 0 2313.51165863957112378557
0 3282.26678904905929812230 1746.87238790624519424455
0 0 1
-0.04747728369384900116 0.06251141279461518152 -0.04206249657571232980
0.00115662435535027739 0.00101373293554510497
250.35577921371313436794 -446.33088370851282888907 78.27521635801419108702
-0.99544870736813928502 -0.07169645013276287893 0.06278128731923880712
-0.07466804565095179480 0.99613127189174865972 -0.04633758860789223555
-0.05921616297741643525 -0.05081444870986138312 -0.99695102078514619137
IMG_0907.JPG 4608 3456
3282.26678904905929812230 0 2313.51165863957112378557
0 3282.26678904905929812230 1746.87238790624519424455
0 0 1
-0.04747728369384900116 0.06251141279461518152 -0.04206249657571232980
0.00115662435535027739 0.00101373293554510497
210.46997257658154012461 -400.22744765093864316441 79.21338800806016422484
0.98067105409730204180 0.13546723199359342327 0.14118396761559162678
0.13662513033621490055 -0.99062167807486778415 0.00150488828329487282
0.14006376196682271407 0.01781347759778668938 -0.98998223347672975603
IMG_0908.JPG 4608 3456
3282.26678904905929812230 0 2313.51165863957112378557
0 3282.26678904905929812230 1746.87238790624519424455
0 0 1
-0.04747728369384900116 0.06251141279461518152 -0.04206249657571232980
0.00115662435535027739 0.00101373293554510497
211.66679453327498094950 -347.12733376226458403835 79.06066305607583899473
0.98584519439443174527 -0.16392240551069403587 -0.03519513689407365725
-0.16541819136091540088 -0.98520095510196581401 -0.04489877540710734971
-0.02731436721376837365 0.05008515785900917450 -0.99837137494318695108
IMG_0909.JPG 4608 3456
3282.26678904905929812230 0 2313.51165863957112378557
0 3282.26678904905929812230 1746.87238790624519424455
0 0 1
-0.04747728369384900116 0.06251141279461518152 -0.04206249657571232980
0.00115662435535027739 0.00101373293554510497
213.94391284838877709262 -292.40602272594713895160 78.91832082834541495231
0.97364335361614806619 0.16687436991506360284 0.15547207023948395044
0.17144347656240199740 -0.98505807684746504727 -0.01636213866738289030
0.15041859693301767864 0.04258555979465421248 -0.98770477157583791428
IMG_0910.JPG 4608 3456
3282.26678904905929812230 0 2313.51165863957112378557
0 3282.26678904905929812230 1746.87238790624519424455
0 0 1
-0.04747728369384900116 0.06251141279461518152 -0.04206249657571232980
0.00115662435535027739 0.00101373293554510497
211.95266301797445862576 -237.82444601082832491556 78.81339726499412279281
0.99772216629702714652 -0.06739849103188873258 -0.00281465560800896186
-0.06744505016966007016 -0.99588007897318819861 -0.06061380628180849939
0.00128221962990682009 0.06066557269968680943 -0.99815732437418880352
IMG_0911.JPG 4608 3456
3282.26678904905929812230 0 2313.51165863957112378557
0 3282.26678904905929812230 1746.87238790624519424455
0 0 1
-0.04747728369384900116 0.06251141279461518152 -0.04206249657571232980
0.00115662435535027739 0.00101373293554510497
216.44247530909873944438 -182.36009444781399224667 79.85710219532703035838
0.99814858888010415949 -0.05998322069864169687 0.01007014157174181308
-0.05933407057056222511 -0.99668660882787674105 -0.05563516740978510788
0.01337395177890298922 0.05493466135151207907 -0.99840038080722426361
IMG_0912.JPG 4608 3456
3282.26678904905929812230 0 2313.51165863957112378557
0 3282.26678904905929812230 1746.87238790624519424455
0 0 1
-0.04747728369384900116 0.06251141279461518152 -0.04206249657571232980
0.00115662435535027739 0.00101373293554510497
213.78820426867039827812 -130.94866279387764507192 78.84056251891604460980
0.99913374825658474165 0.01283122308771609925 -0.03958677568103744632
0.01240211969925041763 -0.99986185406303784706 -0.01106617443337830700
-0.03972329948170193886 0.01056562840997885347 -0.99915485635340284265
IMG_0913.JPG 4608 3456
3282.26678904905929812230 0 2313.51165863957112378557
0 3282.26678904905929812230 1746.87238790624519424455
0 0 1
-0.04747728369384900116 0.06251141279461518152 -0.04206249657571232980
0.00115662435535027739 0.00101373293554510497
217.80354954879052797878 -76.76468188672211567791 78.44566468516050861126
0.98850374377845395824 -0.14752863542856350931 -0.03310060822049384899
-0.14843551774406638089 -0.98855773552710202168 -0.02684214226880900916
-0.02876187768612441936 0.03144686404260409879 -0.99909151189160549933
IMG_0914.JPG 4608 3456
3282.26678904905929812230 0 2313.51165863957112378557
0 3282.26678904905929812230 1746.87238790624519424455
0 0 1
-0.04747728369384900116 0.06251141279461518152 -0.04206249657571232980
0.00115662435535027739 0.00101373293554510497
217.45586601580615138118 -22.87110065678438530767 78.12093993018562798625
0.95744291860040564579 0.26195585678319027734 0.12117007352858050195
0.26787428307055671795 -0.96281219098301906723 -0.03515755059604568772
0.10745429768684061633 0.06611969442959456100 -0.99200895153076351640
IMG_0915.JPG 4608 3456
3282.26678904905929812230 0 2313.51165863957112378557
0 3282.26678904905929812230 1746.87238790624519424455
0 0 1
-0.04747728369384900116 0.06251141279461518152 -0.04206249657571232980
0.00115662435535027739 0.00101373293554510497
219.48275551606522526527 32.34696878696877320181 77.86485395332073267127
0.98855122202618850302 -0.09998283126125037668 0.11300404808463131168
-0.09642779972887509377 -0.99467003893124139591 -0.03651291678256931433
0.11605240570525579558 0.02519815678789242772 -0.99292340692750080677
IMG_0916.JPG 4608 3456
3282.26678904905929812230 0 2313.51165863957112378557
0 3282.26678904905929812230 1746.87238790624519424455
0 0 1
-0.04747728369384900116 0.06251141279461518152 -0.04206249657571232980
0.00115662435535027739 0.00101373293554510497
218.24514430612128990106 84.15769560136656934901 78.25680597608757693706
0.99560567719546044785 -0.06693865061911610792 -0.06548704138576268152
-0.06774086992537492469 -0.99765177709376928750 -0.01010476142210081467
-0.06465686412069582278 0.01449650699085984137 -0.99780225556326640479
IMG_0917.JPG 4608 3456
3282.26678904905929812230 0 2313.51165863957112378557
0 3282.26678904905929812230 1746.87238790624519424455
0 0 1
-0.04747728369384900116 0.06251141279461518152 -0.04206249657571232980
0.00115662435535027739 0.00101373293554510497
221.80375950654908479009 138.20487731038085144064 77.41484402015531429697
0.99794966133068951919 0.04503605769030728789 0.04547776333195519688
0.04685888899736584401 -0.99810654665791165296 -0.03984427236819036711
0.04359722435998146517 0.04189361557962389265 -0.99817042983739612261
IMG_0918.JPG 4608 3456
3282.26678904905929812230 0 2313.51165863957112378557
0 3282.26678904905929812230 1746.87238790624519424455
0 0 1
-0.04747728369384900116 0.06251141279461518152 -0.04206249657571232980
0.00115662435535027739 0.00101373293554510497
220.28146647946729785872 191.71579536497836215858 78.51641395132160994308
0.98371851299094670296 0.16847714556129778085 0.06255668327523417060
0.17020432048506520251 -0.98513202642919572849 -0.02335336788824512316
0.05769208340056640461 0.03362055810101569064 -0.99776815021621045876
IMG_0919.JPG 4608 3456
3282.26678904905929812230 0 2313.51165863957112378557
0 3282.26678904905929812230 1746.87238790624519424455
0 0 1
-0.04747728369384900116 0.06251141279461518152 -0.04206249657571232980
0.00115662435535027739 0.00101373293554510497
222.85760982255268913832 245.05192318935419848458 78.53847530269946730641
0.97983298160305687396 -0.18580893821111396647 -0.07350079349042423771
-0.18735315463672461145 -0.98218346218426544336 -0.01464384032271033587
-0.06947030740201970422 0.02811912325425375281 -0.99718764096677459108
IMG_0920.JPG 4608 3456
3282.26678904905929812230 0 2313.51165863957112378557
0 3282.26678904905929812230 1746.87238790624519424455
0 0 1
-0.04747728369384900116 0.06251141279461518152 -0.04206249657571232980
0.00115662435535027739 0.00101373293554510497
222.10336540076690425849 298.97110651980563034158 78.94517016392812536196
0.99084819331106410711 0.12059713872478157459 0.06063157546688000693
0.12230095098338378268 -0.99217285673549893144 -0.02520912029165310250
0.05711685566240613104 0.03239371063516598842 -0.99784182730056214528
IMG_0921.JPG 4608 3456
3282.26678904905929812230 0 2313.51165863957112378557
0 3282.26678904905929812230 1746.87238790624519424455
0 0 1
-0.04747728369384900116 0.06251141279461518152 -0.04206249657571232980
0.00115662435535027739 0.00101373293554510497
182.42757720869863646840 247.56897876274322811696 79.03742758094105624878
-0.99869931441429860008 -0.04196369830586222510 -0.02896079095785304355
-0.04211832928654683089 0.99910133883395679799 0.00474985034555833619
0.02873544373278232034 0.00596345241364133229 -0.99956926298720805146
IMG_0922.JPG 4608 3456
3282.26678904905929812230 0 2313.51165863957112378557
0 3282.26678904905929812230 1746.87238790624519424455
0 0 1
-0.04747728369384900116 0.06251141279461518152 -0.04206249657571232980
0.00115662435535027739 0.00101373293554510497
180.55773428933642321681 197.54955801015552196986 78.69869155100263924396
-0.97414985263014208794 -0.18202375159201100718 0.13378870833161637943
-0.18070308724442518677 0.98329044367112050651 0.02205215738617459509
-0.13556717479171018215 -0.00269392676604834902 -0.99076449465933791316
IMG_0923.JPG 4608 3456
3282.26678904905929812230 0 2313.51165863957112378557
0 3282.26678904905929812230 1746.87238790624519424455
0 0 1
-0.04747728369384900116 0.06251141279461518152 -0.04206249657571232980
0.00115662435535027739 0.00101373293554510497
179.78263417252227895915 140.11827993309643147768 79.25027591150119121721
-0.97819211150899465501 0.19826410418208428865 -0.06189941820768959935
0.19777206759703322425 0.98014750067562395053 0.01403873917852046203
0.06345393809661745155 0.00149060799797276489 -0.99798365509051656375
IMG_0924.JPG 4608 3456
3282.26678904905929812230 0 2313.51165863957112378557
0 3282.26678904905929812230 1746.87238790624519424455
0 0 1
-0.04747728369384900116 0.06251141279461518152 -0.04206249657571232980
0.00115662435535027739 0.00101373293554510497
177.31064005668665117810 85.60744454809399428541 78.52765459842761686104
-0.99905088049303658604 -0.04328083823592033391 -0.00490991116867349389
-0.04304464571727877054 0.99823642852542415760 -0.04088020596669762752
0.00667058177088946606 -0.04063006037900709910 -0.99915199120676134736
IMG_0925.JPG 4608 3456
3282.26678904905929812230 0 2313.51165863957112378557
0 3282.26678904905929812230 1746.87238790624519424455
0 0 1
-0.04747728369384900116 0.06251141279461518152 -0.04206249657571232980
0.00115662435535027739 0.00101373293554510497
176.88591921445626553577 28.32361827828989220279 78.05071069896982294267
-0.99710478217557585445 -0.07602244112743819504 0.00162536384316156932
-0.07601696052093137590 0.99605333342741220193 -0.04581679475148291159
0.00186415550762905873 -0.04580770036975820303 -0.99894853696828533884
IMG_0926.JPG 4608 3456
3282.26678904905929812230 0 2313.51165863957112378557
0 3282.26678904905929812230 1746.87238790624519424455
0 0 1
-0.04747728369384900116 0.06251141279461518152 -0.04206249657571232980
0.00115662435535027739 0.00101373293554510497
176.54752575415477622300 -26.83875914605328460993 77.79558595569366730160
-0.99645765370043193343 -0.05202145364724063831 0.06607505385739773085
-0.05422204474619584519 0.99801734723888257950 -0.03195848046771031931
-0.06428152335913914217 -0.03542799698954882809 -0.99730273376940903329
IMG_0927.JPG 4608 3456
3282.26678904905929812230 0 2313.51165863957112378557
0 3282.26678904905929812230 1746.87238790624519424455
0 0 1
-0.04747728369384900116 0.06251141279461518152 -0.04206249657571232980
0.00115662435535027739 0.00101373293554510497
175.74403938922134216227 -80.78312568888972577952 77.94019398742561577365
-0.98293070211793953650 0.13982523170181015981 -0.11956646441820294180
0.14109401998920567678 0.98999382124409440742 -0.00217058098254742458
0.11806655901321053137 -0.01900364380983976184 -0.99282382584461015274
IMG_0928.JPG 4608 3456
3282.26678904905929812230 0 2313.51165863957112378557
0 3282.26678904905929812230 1746.87238790624519424455
0 0 1
-0.04747728369384900116 0.06251141279461518152 -0.04206249657571232980
0.00115662435535027739 0.00101373293554510497
174.06687313765021940526 -135.41568918550527200750 77.32332048964003945457
-0.99911107407810373360 -0.04165801416281521979 -0.00645534743515528611
-0.04186570114768866507 0.99846253525559380826 0.03632944753756198880
0.00493200992601383094 0.03656741099644238852 -0.99931901799730937785
IMG_0929.JPG 4608 3456
3282.26678904905929812230 0 2313.51165863957112378557
0 3282.26678904905929812230 1746.87238790624519424455
0 0 1
-0.04747728369384900116 0.06251141279461518152 -0.04206249657571232980
0.00115662435535027739 0.00101373293554510497
172.48731858179468190428 -190.18024589001862523219 77.30480133378188156712
-0.99699452544237243679 0.05379787388911321661 -0.05574679365622363381
0.05317274477641174141 0.99850535273179807927 0.01263802907459431711
0.05634337095773631066 0.00963583576856640034 -0.99836495091632704302
IMG_0930.JPG 4608 3456
3282.26678904905929812230 0 2313.51165863957112378557
0 3282.26678904905929812230 1746.87238790624519424455
0 0 1
-0.04747728369384900116 0.06251141279461518152 -0.04206249657571232980
0.00115662435535027739 0.00101373293554510497
170.35548681925055802822 -240.71362485980634460248 76.78847511951207138736
-0.97395238955007268356 -0.14006026712904837139 0.17832516496962264041
-0.12622670664854393485 0.98820139388846739426 0.08674574136839512117
-0.18837080829673674698 0.06197682380236724242 -0.98014045518640058319
IMG_0931.JPG 4608 3456
3282.26678904905929812230 0 2313.51165863957112378557
0 3282.26678904905929812230 1746.87238790624519424455
0 0 1
-0.04747728369384900116 0.06251141279461518152 -0.04206249657571232980
0.00115662435535027739 0.00101373293554510497
170.25149518241249779749 -293.68603506526085311634 76.60899156152183309132
-0.99790056355818079759 -0.01938423967331210154 0.06179576443861573704
-0.01435608962475390729 0.99662718845369246967 0.08079696730431334961
-0.06315352674990784565 0.07974019367405524306 -0.99481311489740253950
IMG_0932.JPG 4608 3456
3282.26678904905929812230 0 2313.51165863957112378557
0 3282.26678904905929812230 1746.87238790624519424455
0 0 1
-0.04747728369384900116 0.06251141279461518152 -0.04206249657571232980
0.00115662435535027739 0.00101373293554510497
166.91497503717937433976 -346.93267557610590756667 76.14460189710035820099
-0.99844014585869977907 -0.01452629305105465791 0.05390975744569254102
-0.00928867241217536284 0.99532219659801235423 0.09616363930367370638
-0.05505447940429383097 0.09551288797593049384 -0.99390456912523528210
IMG_0933.JPG 4608 3456
3282.26678904905929812230 0 2313.51165863957112378557
0 3282.26678904905929812230 1746.87238790624519424455
0 0 1
-0.04747728369384900116 0.06251141279461518152 -0.04206249657571232980
0.00115662435535027739 0.00101373293554510497
169.27368030289974853986 -400.67360673312401786461 76.21885875902367502022
-0.99899894087605245474 -0.03818484248509022849 -0.02330308848445027115
-0.03997505830092276669 0.99583616548962050619 0.08192878747282179852
0.02007762043577615563 0.08277831423336563799 -0.99636571591475331378
IMG_0934.JPG 4608 3456
3282.26678904905929812230 0 2313.51165863957112378557
0 3282.26678904905929812230 1746.87238790624519424455
0 0 1
-0.04747728369384900116 0.06251141279461518152 -0.04206249657571232980
0.00115662435535027739 0.00101373293554510497
130.24861253947085515392 -397.48103697203538331451 82.04824976849035067517
0.99450338976809615765 -0.01811935025449607634 0.10312466672004859392
-0.01963972846743663667 -0.99971261206251404996 0.01374679413065444007
0.10284594695704621370 -0.01569657381405666421 -0.99457344060909258499
IMG_0935.JPG 4608 3456
3282.26678904905929812230 0 2313.51165863957112378557
0 3282.26678904905929812230 1746.87238790624519424455
0 0 1
-0.04747728369384900116 0.06251141279461518152 -0.04206249657571232980
0.00115662435535027739 0.00101373293554510497
129.36169777392800028792 -342.55849265822797633518 83.32344016126388908106
0.98115084930070084468 -0.16850023109763329066 -0.09460804953362836334
-0.17574556564349064214 -0.98162862703505693318 -0.07428818709538162479
-0.08035239307676424192 0.08951486304135794492 -0.99273892953863951405
IMG_0936.JPG 4608 3456
3282.26678904905929812230 0 2313.51165863957112378557
0 3282.26678904905929812230 1746.87238790624519424455
0 0 1
-0.04747728369384900116 0.06251141279461518152 -0.04206249657571232980
0.00115662435535027739 0.00101373293554510497
131.12561576565775567360 -289.26328483784760692288 83.95845976195741400261
0.98812057306566991599 0.13261327727039998181 0.07766242190387848132
0.13466016871127245436 -0.99065381907382676907 -0.02171749794735729905
0.07405654628068779333 0.03191754135339749943 -0.99674314570351096876
IMG_0937.JPG 4608 3456
3282.26678904905929812230 0 2313.51165863957112378557
0 3282.26678904905929812230 1746.87238790624519424455
0 0 1
-0.04747728369384900116 0.06251141279461518152 -0.04206249657571232980
0.00115662435535027739 0.00101373293554510497
130.87262647157322703606 -237.50739455823705270632 84.08946182093659160728
0.99878739134149863155 -0.01802160658318853470 -0.04581450199887402569
-0.01688517272712665440 -0.99954303164758728784 0.02507227206946755632
-0.04624540884476160268 -0.02426828343560953963 -0.99863527505284410690
IMG_0938.JPG 4608 3456
3282.26678904905929812230 0 2313.51165863957112378557
0 3282.26678904905929812230 1746.87238790624519424455
0 0 1
-0.04747728369384900116 0.06251141279461518152 -0.04206249657571232980
0.00115662435535027739 0.00101373293554510497
131.66553356340281766279 -183.62361241500789788006 83.82426849096177079446
0.98226168433992744333 0.17429389348158896844 0.06916373451974143494
0.17600078157831278158 -0.98419968315194761299 -0.01935739051187107193
0.06469705063997735484 0.03118689434096563393 -0.99741749997674178374
IMG_0939.JPG 4608 3456
3282.26678904905929812230 0 2313.51165863957112378557
0 3282.26678904905929812230 1746.87238790624519424455
0 0 1
-0.04747728369384900116 0.06251141279461518152 -0.04206249657571232980
0.00115662435535027739 0.00101373293554510497
130.90142327544421618768 -129.35409282898018545893 83.50254024726221757646
0.99937920950384906416 -0.02350640939997151319 -0.02624203362132633555
-0.02482456776745346760 -0.99838548579971264640 -0.05108975024044352248
-0.02499872890010612636 0.05170948135103193427 -0.99834923403175224177
IMG_0940.JPG 4608 3456
3282.26678904905929812230 0 2313.51165863957112378557
0 3282.26678904905929812230 1746.87238790624519424455
0 0 1
-0.04747728369384900116 0.06251141279461518152 -0.04206249657571232980
0.00115662435535027739 0.00101373293554510497
134.02830259307376081779 -75.62605034305711626530 82.47569374646300843779
0.99938728008693400451 -0.01367304511511718661 -0.03221974918773090613
-0.01463096542223195524 -0.99945221570798348232 -0.02968506976942851538
-0.03179621441703036483 0.03013828717233870899 -0.99903988128355702969
IMG_0941.JPG 4608 3456
3282.26678904905929812230 0 2313.51165863957112378557
0 3282.26678904905929812230 1746.87238790624519424455
0 0 1
-0.04747728369384900116 0.06251141279461518152 -0.04206249657571232980
0.00115662435535027739 0.00101373293554510497
133.46944395526421089926 -20.82478133693591715314 82.86092163264358134711
0.99464316141710951147 0.10240040262258126580 0.01411166145111984911
0.10290479205834400511 -0.99382586725166122132 -0.04148191597446375389
0.00977676928267984420 0.04271186163370476602 -0.99903959463986036216
IMG_0942.JPG 4608 3456
3282.26678904905929812230 0 2313.51165863957112378557
0 3282.26678904905929812230 1746.87238790624519424455
0 0 1
-0.04747728369384900116 0.06251141279461518152 -0.04206249657571232980
0.00115662435535027739 0.00101373293554510497
136.05998018531454363256 31.47667178014056332813 82.76828798488085681129
0.99544312773222354274 -0.08728470737045831984 0.03839738675927699407
-0.08714536806667227964 -0.99618155519665363418 -0.00529092718724719080
0.03871258548860122967 0.00192066270594123782 -0.99924854104449800651
IMG_0943.JPG 4608 3456
3282.26678904905929812230 0 2313.51165863957112378557
0 3282.26678904905929812230 1746.87238790624519424455
0 0 1
-0.04747728369384900116 0.06251141279461518152 -0.04206249657571232980
0.00115662435535027739 0.00101373293554510497
137.69919219649253250282 85.30810130784762179701 82.29409432534050949926
0.96672226836197616695 0.15126911498895720398 0.20631459159141588011
0.16352928278984099619 -0.98557343150729059822 -0.04362550603928877502
0.19673898831526834274 0.07591222534876354566 -0.97751271322642296902
IMG_0944.JPG 4608 3456
3282.26678904905929812230 0 2313.51165863957112378557
0 3282.26678904905929812230 1746.87238790624519424455
0 0 1
-0.04747728369384900116 0.06251141279461518152 -0.04206249657571232980
0.00115662435535027739 0.00101373293554510497
137.53929263158801177269 136.35905696658494434814 82.06860375116536943096
0.98221453789620805086 -0.15244645837476869521 -0.10961149061265616778
-0.15728776785827103257 -0.98686251281635262167 -0.03691800211220517408
-0.10254345238727399781 0.05350194507477334938 -0.99328867014867072704
IMG_0945.JPG 4608 3456
3282.26678904905929812230 0 2313.51165863957112378557
0 3282.26678904905929812230 1746.87238790624519424455
0 0 1
-0.04747728369384900116 0.06251141279461518152 -0.04206249657571232980
0.00115662435535027739 0.00101373293554510497
138.30414410765004618042 187.53297418468767432387 82.20114836911500333372
0.94978740431565289448 0.23245998987408258984 0.20944268836862217631
0.23990379895168184587 -0.97073986696267011709 -0.01050133028946110755
0.20087322831050774541 0.06022012783977430395 -0.97776453318325873276
IMG_0946.JPG 4608 3456
3282.26678904905929812230 0 2313.51165863957112378557
0 3282.26678904905929812230 1746.87238790624519424455
0 0 1
-0.04747728369384900116 0.06251141279461518152 -0.04206249657571232980
0.00115662435535027739 0.00101373293554510497
137.95575768740891930975 240.41998737954611442547 81.48965088776562026851
0.97423856859849877754 -0.19596301565225973662 -0.11161410283481330852
-0.19594218350834471942 -0.98055075199083718829 0.01126425728513940488
-0.11165067029413766608 0.01089583712597882136 -0.99368778223151854601
IMG_0947.JPG 4608 3456
3282.26678904905929812230 0 2313.51165863957112378557
0 3282.26678904905929812230 1746.87238790624519424455
0 0 1
-0.04747728369384900116 0.06251141279461518152 -0.04206249657571232980
0.00115662435535027739 0.00101373293554510497
140.73808272373466365934 294.08883438152957978673 81.79215805378538561854
0.96905341227222041578 0.23194871645837034091 0.08447056941255021156
0.23829372455934108577 -0.96830478604654024455 -0.07484612317949904114
0.06443279443887897640 0.09265869766340541214 -0.99361098058954577805
IMG_0948.JPG 4608 3456
3282.26678904905929812230 0 2313.51165863957112378557
0 3282.26678904905929812230 1746.87238790624519424455
0 0 1
-0.04747728369384900116 0.06251141279461518152 -0.04206249657571232980
0.00115662435535027739 0.00101373293554510497
94.72626837747981198845 274.21599334270001691038 97.81301258095676587345
-0.99765732637256743232 -0.00125666955279831231 0.06839795257736458467
0.00224379083656659145 0.99869219889262594858 0.05107697400682137401
-0.06837268853732521301 0.05111078802607954552 -0.99634976931273033784
IMG_0949.JPG 4608 3456
3282.26678904905929812230 0 2313.51165863957112378557
0 3282.26678904905929812230 1746.87238790624519424455
0 0 1
-0.04747728369384900116 0.06251141279461518152 -0.04206249657571232980
0.00115662435535027739 0.00101373293554510497
99.15758573685984345047 225.79690602765958828968 97.47302052197331079242
-0.98898217020429768365 -0.14444387068450048606 -0.03240733311577657233
-0.14594703402965195083 0.98801988613710101106 0.05016141799807520563
0.02477358020039152273 0.05433850218131984489 -0.99821520570703858866
IMG_0950.JPG 4608 3456
3282.26678904905929812230 0 2313.51165863957112378557
0 3282.26678904905929812230 1746.87238790624519424455
0 0 1
-0.04747728369384900116 0.06251141279461518152 -0.04206249657571232980
0.00115662435535027739 0.00101373293554510497
98.38445448448243269013 170.09408783807145937317 98.01980732977114030291
-0.99930101469237220257 0.03645088954206925774 -0.00829546179469100101
0.03618089734614886310 0.99887505048408031794 0.03065250703700216420
0.00940344096715400000 0.03033094413330872721 -0.99949567739233335928
IMG_0951.JPG 4608 3456
3282.26678904905929812230 0 2313.51165863957112378557
0 3282.26678904905929812230 1746.87238790624519424455
0 0 1
-0.04747728369384900116 0.06251141279461518152 -0.04206249657571232980
0.00115662435535027739 0.00101373293554510497
94.27987141799779635676 114.57622556686003179038 98.51519872051619586273
-0.99830188989684764955 -0.04029067787995131711 0.04207134303009739396
-0.03965369146369950026 0.99908749099285731887 0.01586726488400199905
-0.04267225540891702446 0.01417203646521413701 -0.99898860453998405973
IMG_0952.JPG 4608 3456
3282.26678904905929812230 0 2313.51165863957112378557
0 3282.26678904905929812230 1746.87238790624519424455
0 0 1
-0.04747728369384900116 0.06251141279461518152 -0.04206249657571232980
0.00115662435535027739 0.00101373293554510497
94.35438920203338852843 61.76953566879556234426 98.22330130321786612058
-0.98518989296856884774 -0.13983255146479811604 0.09923574126001477591
-0.13868998215342787095 0.99016574223821951506 0.01835461108598995458
-0.10082640350058047485 0.00431977414695251284 -0.99489465568393598005
IMG_0953.JPG 4608 3456
3282.26678904905929812230 0 2313.51165863957112378557
0 3282.26678904905929812230 1746.87238790624519424455
0 0 1
-0.04747728369384900116 0.06251141279461518152 -0.04206249657571232980
0.00115662435535027739 0.00101373293554510497
92.53488976462323023497 7.04750255589425833591 97.51905107359380053822
-0.99593901819825236821 -0.01842003683561917182 0.08812590012746270018
-0.01553811534258739760 0.99932536555691764413 0.03327733051393180763
-0.08867941701376677588 0.03177288147945413893 -0.99555333609033269671
IMG_0954.JPG 4608 3456
3282.26678904905929812230 0 2313.51165863957112378557
0 3282.26678904905929812230 1746.87238790624519424455
0 0 1
-0.04747728369384900116 0.06251141279461518152 -0.04206249657571232980
0.00115662435535027739 0.00101373293554510497
91.69055760727437132118 -51.41413647482360005370 97.99032597634314356583
-0.99107235272998384090 -0.12444844525396585311 0.04783488400869397722
-0.12555548145505884827 0.99186708816452817672 -0.02086864855731207502
-0.04484877624688234782 -0.02668827251604892828 -0.99863723312285235245
IMG_0955.JPG 4608 3456
3282.26678904905929812230 0 2313.51165863957112378557
0 3282.26678904905929812230 1746.87238790624519424455
0 0 1
-0.04747728369384900116 0.06251141279461518152 -0.04206249657571232980
0.00115662435535027739 0.00101373293554510497
91.63435199545240550378 -103.24671953996215734151 97.87022830088220359812
-0.94238052369827962629 -0.24775792242730285131 0.22479982301741868733
-0.25770516172197222016 0.96609831060337914010 -0.01555968737311085037
-0.21332369342388651789 -0.07259522108102832438 -0.97428072735746351629
IMG_0956.JPG 4608 3456
3282.26678904905929812230 0 2313.51165863957112378557
0 3282.26678904905929812230 1746.87238790624519424455
0 0 1
-0.04747728369384900116 0.06251141279461518152 -0.04206249657571232980
0.00115662435535027739 0.00101373293554510497
87.46294989902760619316 -161.06409771838741562533 98.60900952639943284339
-0.98237766525987924027 0.18663016139785654213 -0.01016393895882124546
0.18683091407773991244 0.97897756093690002643 -0.08183608450380752686
-0.00532281348769586722 -0.08229287963516755677 -0.99659397430344065505
IMG_0957.JPG 4608 3456
3282.26678904905929812230 0 2313.51165863957112378557
0 3282.26678904905929812230 1746.87238790624519424455
0 0 1
-0.04747728369384900116 0.06251141279461518152 -0.04206249657571232980
0.00115662435535027739 0.00101373293554510497
91.82600070414990511836 -214.60610170586306821860 98.48837411544243991557
-0.97610672861049674331 -0.21231680619430989831 0.04623016513881499784
-0.21353231030926991818 0.97666259100320229614 -0.02311137790996877980
-0.04024433892238667848 -0.03243080545345076310 -0.99866342480454373121
IMG_0958.JPG 4608 3456
3282.26678904905929812230 0 2313.51165863957112378557
0 3282.26678904905929812230 1746.87238790624519424455
0 0 1
-0.04747728369384900116 0.06251141279461518152 -0.04206249657571232980
0.00115662435535027739 0.00101373293554510497
87.98232364563720864226 -271.71785710791721157875 98.18739176422667469524
-0.99404252006676752096 0.03772060154678116839 0.10225763794582379274
0.03822943536932592312 0.99926442407399285184 0.00302010784807225149
-0.10206849940433505852 0.00691136737704096428 -0.99475336361850363875
IMG_0959.JPG 4608 3456
3282.26678904905929812230 0 2313.51165863957112378557
0 3282.26678904905929812230 1746.87238790624519424455
0 0 1
-0.04747728369384900116 0.06251141279461518152 -0.04206249657571232980
0.00115662435535027739 0.00101373293554510497
85.16122084668201352997 -326.00590514431746669288 98.37419041617350501383
-0.98312966795967104972 -0.11440986348289711172 0.14271103361454512415
-0.11905427020001269067 0.99258757593027047150 -0.02441280106853870382
-0.13886013367647803696 -0.04099130696494710652 -0.98946327674586087575
IMG_0960.JPG 4608 3456
3282.26678904905929812230 0 2313.51165863957112378557
0 3282.26678904905929812230 1746.87238790624519424455
0 0 1
-0.04747728369384900116 0.06251141279461518152 -0.04206249657571232980
0.00115662435535027739 0.00101373293554510497
83.39085924763298862672 -380.73916728533492914721 98.84991315753050855619
-0.99561339771454593350 0.07755063365599272618 -0.05234368644689871286
0.07834208973833577117 0.99683862863040706426 -0.01323878565730112269
0.05115153239862696433 -0.01728142615073841731 -0.99854137272497067723
IMG_0961.JPG 4608 3456
3282.26678904905929812230 0 2313.51165863957112378557
0 3282.26678904905929812230 1746.87238790624519424455
0 0 1
-0.04747728369384900116 0.06251141279461518152 -0.04206249657571232980
0.00115662435535027739 0.00101373293554510497
84.17822274725834574838 -437.98468636543026377694 99.69208178598377401158
-0.99971065226538358139 -0.00067908097722238860 -0.02404476234334025631
0.00055743325365555584 0.99867894302827420194 -0.05138149491885749681
0.02404789003819374216 -0.05138003114980794345 -0.99838959899618129334
IMG_0962.JPG 4608 3456
3282.26678904905929812230 0 2313.51165863957112378557
0 3282.26678904905929812230 1746.87238790624519424455
0 0 1
-0.04747728369384900116 0.06251141279461518152 -0.04206249657571232980
0.00115662435535027739 0.00101373293554510497
45.14831747460452504583 -393.60564314775916727740 97.64568038836218022425
0.91935942136391290980 0.33172681735460302077 0.21150785563944707324
0.34009577086358039333 -0.94038465346476818318 -0.00340149506173782236
0.19777037439949995967 0.07506012373913212299 -0.97737037853320873904
IMG_0963.JPG 4608 3456
3282.26678904905929812230 0 2313.51165863957112378557
0 3282.26678904905929812230 1746.87238790624519424455
0 0 1
-0.04747728369384900116 0.06251141279461518152 -0.04206249657571232980
0.00115662435535027739 0.00101373293554510497
46.63935634627013371301 -340.72507461326677002944 97.98093122865796544829
0.93465006965219343815 -0.32677135149619751520 -0.14017749869539947172
-0.33353465584809605105 -0.94234671565333438803 -0.02715328425192703454
-0.12322289011154664851 0.07213287280236641008 -0.98975399368420602375
IMG_0964.JPG 4608 3456
3282.26678904905929812230 0 2313.51165863957112378557
0 3282.26678904905929812230 1746.87238790624519424455
0 0 1
-0.04747728369384900116 0.06251141279461518152 -0.04206249657571232980
0.00115662435535027739 0.00101373293554510497
44.55575251283964632876 -284.43703822033091910271 99.96926890110897545583
0.99023157929994742865 0.13089142659249836109 -0.04805053383379631615
0.12782606750111299987 -0.98984875061044130806 -0.06212847480945697665
-0.05569484558137394181 0.05537946694876220988 -0.99691082791598661927
IMG_0965.JPG 4608 3456
3282.26678904905929812230 0 2313.51165863957112378557
0 3282.26678904905929812230 1746.87238790624519424455
0 0 1
-0.04747728369384900116 0.06251141279461518152 -0.04206249657571232980
0.00115662435535027739 0.00101373293554510497
47.79855445218418452669 -230.51947457492667581391 99.10671356628840555913
0.99586925513618740347 -0.06178967133515515797 0.06653167058468133221
-0.06147723274909219077 -0.99808576120527570108 -0.00673521586879935810
0.06682047985467474971 0.00261721141272226298 -0.99776158157969385698
IMG_0966.JPG 4608 3456
3282.26678904905929812230 0 2313.51165863957112378557
0 3282.26678904905929812230 1746.87238790624519424455
0 0 1
-0.04747728369384900116 0.06251141279461518152 -0.04206249657571232980
0.00115662435535027739 0.00101373293554510497
48.53404270735249781410 -177.64017574208489236298 98.35444880987783733417
